6281524364134
6281524364134
6281524365626
6281524365626
6281524368233
6281524368233
6281524368233
6281524369122
6281524369277
6281524369322
6281524370619
6281524370619
6281524370864
6281524370864
6281524372168
6281524372168
6281524372282
6281524372282
6281524372282
6281524372378
6281524372538
6281524372835
6281524374972
6281524374972
6281524375324
6281524376089
6281524376089
6281524376089
6281524376535
6281524378507
6281524379110
6281524379110
6281524379110
6281524379670
6281524380409
6281524381698
6281524381698
6281524381907
6281524381908
6281524381908
6281524381908
6281524382575
6281524382575
6281524382575
6281524383194
6281524383194
6281524383194
6281524383415
6281524383415
6281524383415
6281524383767
6281524383767
6281524383784
6281524383784
6281524383784
6281524384410
6281524384899
6281524386343
6281524386343
6281524386343
6281524388313
6281524388313
6281524388313
6281524388916
6281524388916
6281524388916
6281524389635
6281524389967
6281524389967
6281524391542
6281524392195
6281524392590
6281524393705
6281524393706
6281524393706
6281524393706
6281524393991
6281524393991
6281524394178
6281524394178
6281524394344
6281524394344
6281524394344
6281524394366
6281524394366
6281524394366
6281524398161
6281524398599
6281524399773
6281524399773
6281524399924
6281524400235
6281524400235
6281524400235
6281524403562
6281524403562
6281524404161
6281524404161
6281524404161
6281524404728
6281524404728
6281524405528
6281524406744
6281524407363
6281524407372
6281524407372
6281524407372
6281524410301
6281524410719
6281524410719
6281524410719
6281524410752
6281524411127
6281524411127
6281524415306
6281524415306
6281524415306
6281524415727
6281524415727
6281524415727
6281524416360
6281524416360
6281524416650
6281524418774
6281524418774
6281524418774
6281524419120
6281524419120
6281524419120
6281524419303
6281524419303
6281524419303
6281524419677
6281524419677
6281524420121
6281524420311
6281524420363
6281524420665
6281524420665
6281524421599
6281524421791
6281524423272
6281524423272
6281524423272
6281524424102
6281524424102
6281524424102
6281524427137
6281524427244
6281524428093
6281524428093
6281524428093
6281524429053
6281524429053
6281524429201
6281524430277
6281524430564
6281524430564
6281524431286
6281524431286
6281524431299
6281524431299
6281524431299
6281524431623
6281524431623
6281524432298
6281524432298
6281524432551
6281524432551
6281524432589
6281524432589
6281524432589
6281524433503
6281524433503
6281524433673
6281524433673
6281524435021
6281524435021
6281524435021
6281524435032
6281524435081
6281524435778
6281524435985
6281524436218
6281524436218
6281524436626
6281524436626
6281524437266
6281524437266
6281524437313
6281524437329
6281524437329
6281524437451
6281524438575
6281524439309
6281524439309
6281524440335
6281524440335
6281524440335
6281524440615
6281524440615
6281524441055
6281524441055
6281524441055
6281524441184
6281524441297
6281524441699
6281524441819
6281524442316
6281524442430
6281524442430
6281524442430
6281524442543
6281524442543
6281524442879
6281524443159
6281524443159
6281524443195
6281524443195
6281524443195
6281524443196
6281524443196
6281524443196
6281524443421
6281524443421
6281524443421
6281524443641
6281524443641
6281524443879
6281524443879
6281524443879
6281524444042
6281524444042
6281524444042
6281524444045
6281524444113
6281524444113
6281524444413
6281524444413
6281524444413
6281524444435
6281524444435
6281524444462
6281524444462
6281524444462
6281524444786
6281524444786
6281524444889
6281524445010
6281524445040
6281524445040
6281524445581
6281524445667
6281524445739
6281524445944
6281524445944
6281524445944
6281524446323
6281524446323
6281524447030
6281524447030
6281524447030
6281524447291
6281524447291
6281524447291
6281524447570
6281524447798
6281524447798
6281524448664
6281524448664
6281524448664
6281524449132
6281524449132
6281524449143
6281524449143
6281524450612
6281524450612
6281524450724
6281524450892
6281524451149
6281524451149
6281524451186
6281524451186
6281524451186
6281524452453
6281524452453
6281524452453
6281524452697
6281524452956
6281524453357
6281524453357
6281524453744
6281524453744
6281524453744
6281524454372
6281524454596
6281524454596
6281524454596
6281524459182
6281524459422
6281524459422
6281524459422
6281524459981
6281524459981
6281524459981
6281524460013
6281524460499
6281524460499
6281524460509
6281524460515
6281524460551
6281524460551
6281524460551
6281524460602
6281524460910
6281524460910
6281524460954
6281524460954
6281524460969
6281524460969
6281524460969
6281524461455
6281524461455
6281524461458
6281524461458
6281524461458
6281524463244
6281524463244
6281524463244
6281524464286
6281524464839
6281524464839
6281524465476
6281524465476
6281524470525
6281524470525
6281524470551
6281524470979
6281524470979
6281524471021
6281524472065
6281524473180
6281524473180
6281524473180
6281524473744
6281524475069
6281524475069
6281524475069
6281524476676
6281524477795
6281524477795
6281524478443
6281524479070
6281524479263
6281524479263
6281524479263
6281524479372
6281524479372
6281524479372
6281524480396
6281524480396
6281524480396
6281524480658
6281524481571
6281524481571
6281524481571
6281524482947
6281524482947
6281524485328
6281524485328
6281524485382
6281524485382
6281524485382
6281524486700
6281524486709
6281524488217
6281524488217
6281524488217
6281524488660
6281524488660
6281524489820
6281524489895
6281524489895
6281524489896
6281524489896
6281524490085
6281524490085
6281524490085
6281524490125
6281524490125
6281524490207
6281524490207
6281524490389
6281524490396
6281524490396
6281524492448
6281524493053
6281524493053
6281524493053
6281524494226
6281524494713
6281524495634
6281524495634
6281524495634
6281524495937
6281524495937
6281524496516
6281524496516
6281524497394
6281524497394
6281524497629
6281524497629
6281524497629
6281524499750
6281524499750
6281524499750
6281524499785
6281524499791
6281524499878
6281524499878
6281524512186
6281524512186
6281524512186
6281524513843
6281524515700
6281524515700
6281524515700
6281524519182
6281524519182
6281524519183
6281524519862
6281524519862
6281524521973
6281524521973
6281524523147
6281524523147
6281524524324
6281524524324
6281524524928
6281524524928
6281524524928
6281524524938
6281524524938
6281524524938
6281524525042
6281524527332
6281524527658
6281524527658
6281524527658
6281524527841
6281524527945
6281524527945
6281524528541
6281524528541
6281524528541
6281524528700
6281524528700
6281524528937
6281524529792
6281524531210
6281524531379
6281524531379
6281524531408
6281524531408
6281524531841
6281524532476
6281524532476
6281524532476
6281524532499
6281524532499
6281524532499
6281524532669
6281524532669
6281524532669
6281524532774
6281524532984
6281524532984
6281524535323
6281524535323
6281524535323
6281524536558
6281524536558
6281524536714
6281524536714
6281524536714
6281524538336
6281524538336
6281524538369
6281524538719
6281524538719
6281524538719
6281524538773
6281524539729
6281524539729
6281524539729
6281524539804
6281524539804
6281524539804
6281524539912
6281524540798
6281524540798
6281524540798
6281524541015
6281524541246
6281524541246
6281524541246
6281524541296
6281524541962
6281524541962
6281524541962
6281524541997
6281524542491
6281524542491
6281524542524
6281524542942
6281524542942
6281524542942
6281524543455
6281524544543
6281524544543
6281524544543
6281524544551
6281524544551
6281524544614
6281524544614
6281524544614
6281524545332
6281524545332
6281524545332
6281524545727
6281524545727
6281524545727
6281524545750
6281524545764
6281524545764
6281524545826
6281524545826
6281524545826
6281524545918
6281524545918
6281524545918
6281524546810
6281524546810
6281524546979
6281524546979
6281524547404
6281524547617
6281524547617
6281524547617
6281524547670
6281524547670
6281524548251
6281524548251
6281524548251
6281524549033
6281524549272
6281524549629
6281524549629
6281524550078
6281524550078
6281524550438
6281524553671
6281524553816
6281524555049
6281524555049
6281524555504
6281524555504
6281524555504
6281524555824
6281524555824
6281524556065
6281524556065
6281524557615
6281524557615
6281524558583
6281524566146
6281524566146
6281524566146
6281524566169
6281524566169
6281524566169
6281524566584
6281524566716
6281524566898
6281524566898
6281524566989
6281524566989
6281524566989
6281524567403
6281524567403
6281524567403
6281524568327
6281524569177
6281524569177
6281524569177
6281524569576
6281524572130
6281524572130
6281524572239
6281524572239
6281524573368
6281524574278
6281524574278
6281524574278
6281524574544
6281524574544
6281524575924
6281524575924
6281524575956
6281524575956
6281524577057
6281524577057
6281524577141
6281524577371
6281524578263
6281524578263
6281524578967
6281524578967
6281524579406
6281524579406
6281524579406
6281524580413
6281524581850
6281524581944
6281524582130
6281524582130
6281524582931
6281524582931
6281524583842
6281524583842
6281524585724
6281524590661
6281524590661
6281524590705
6281524590705
6281524590845
6281524590845
6281524590891
6281524590891
6281524591878
6281524595162
6281524595646
6281524596292
6281524596601
6281524596601
6281524599541
6281524599541
6281524599541
6281524600107
6281524600482
6281524600482
6281524600857
6281524600857
6281524600857
6281524601623
6281524601623
6281524601731
6281524601731
6281524601731
6281524602006
6281524602006
6281524602563
6281524602563
6281524602563
6281524603079
6281524603079
6281524603440
6281524603736
6281524603736
6281524603755
6281524603755
6281524604415
6281524605262
6281524605262
6281524605262
6281524606149
6281524606183
6281524606183
6281524606183
6281524606647
6281524606647
6281524606647
6281524606714
6281524606714
6281524607187
6281524608839
6281524609833
6281524611035
6281524611035
6281524611035
6281524613137
6281524613580
6281524613580
6281524613580
6281524613589
6281524614374
6281524614374
6281524614374
6281524614516
6281524614516
6281524615537
6281524615537
6281524617427
6281524617427
6281524617427
6281524619532
6281524619532
6281524619532
6281524619542
6281524622425
6281524631084
6281524631553
6281524631560
6281524631560
6281524631560
6281524631664
6281524631664
6281524631718
6281524631718
6281524631718
6281524633557
6281524633557
6281524633557
6281524633977
6281524634867
6281524634867
6281524635452
6281524635452
6281524635724
6281524635724
6281524635840
6281524638009
6281524638384
6281524638384
6281524638384
6281524638664
6281524638664
6281524638720
6281524638720
6281524638720
6281524638891
6281524638891
6281524639089
6281524639089
6281524639089
6281524639297
6281524639297
6281524639297
6281524639334
6281524639334
6281524641239
6281524641239
6281524641239
6281524643730
6281524646369
6281524646468
6281524646468
6281524646468
6281524646780
6281524646780
6281524646795
6281524646795
6281524646795
6281524646885
6281524646885
6281524646885
6281524647760
6281524647760
6281524647867
6281524647880
6281524647880
6281524647880
6281524647889
6281524647889
6281524647889
6281524647899
6281524647899
6281524647899
6281524647957
6281524647957
6281524647957
6281524647972
6281524647972
6281524648890
6281524649416
6281524649532
6281524649532
6281524649532
6281524649749
6281524649814
6281524649814
6281524649974
6281524650188
6281524650188
6281524650188
6281524650487
6281524650487
6281524650487
6281524650521
6281524650546
6281524650546
6281524650576
6281524650576
6281524650576
6281524650610
6281524650610
6281524650610
6281524650706
6281524650706
6281524650706
6281524650717
6281524650717
6281524650717
6281524651511
6281524651547
6281524651791
6281524651822
6281524651822
6281524651822
6281524652147
6281524652359
6281524652359
6281524652688
6281524652688
6281524652688
6281524652814
6281524654339
6281524654339
6281524654339
6281524655589
6281524656627
6281524658081
6281524658195
6281524658825
6281524659027
6281524659027
6281524659263
6281524659551
6281524659750
6281524659772
6281524659772
6281524659808
6281524659808
6281524659808
6281524659908
6281524661032
6281524663731
6281524663731
6281524663741
6281524664109
6281524664154
6281524664195
6281524665201
6281524665201
6281524665201
6281524665329
6281524666094
6281524666094
6281524666094
6281524667782
6281524668298
6281524668298
6281524668430
6281524668430
6281524668430
6281524668574
6281524668574
6281524668687
6281524668687
6281524668736
6281524668736
6281524668737
6281524669266
6281524669266
6281524669266
6281524669572
6281524671477
6281524671477
6281524671477
6281524672219
6281524672219
6281524672219
6281524672925
6281524672925
6281524674593
6281524674593
6281524674682
6281524675145
6281524676573
6281524676573
6281524676573
6281524677044
6281524677044
6281524677378
6281524677378
6281524677496
6281524677919
6281524677962
6281524677962
6281524677962
6281524679870
6281524680427
6281524680427
6281524680427
6281524682253
6281524682253
6281524683699
6281524685441
6281524686131
6281524686364
6281524686753
6281524686753
6281524686753
6281524687307
6281524687307
6281524687307
6281524687318
6281524687366
6281524687716
6281524687716
6281524688701
6281524689365
6281524689365
6281524689587
6281524689587
6281524689587
6281524691256
6281524693298
6281524693341
6281524693814
6281524693814
6281524694296
6281524694296
6281524696635
6281524696635
6281524696635
6281524696643
6281524696643
6281524696643
6281524696883
6281524696883
6281524696883
6281524696925
6281524696925
6281524697034
6281524697034
6281524700083
6281524700083
6281524700083
6281524703318
6281524703318
6281524706591
6281524706591
6281524706591
6281524707523
6281524711009
6281524712096
6281524712096
6281524714469
6281524714469
6281524714469
6281524719091
6281524719091
6281524719091
6281524722210
6281524722210
6281524722210
6281524722225
6281524724978
6281524724978
6281524724978
6281524725056
6281524725155
6281524725191
6281524725358
6281524729510
6281524729510
6281524730543
6281524730543
6281524730543
6281524730643
6281524730858
6281524730858
6281524730858
6281524731252
6281524731252
6281524731951
6281524731951
6281524732618
6281524732618
6281524732972
6281524733455
6281524733566
6281524733566
6281524733569
6281524733569
6281524733998
6281524733998
6281524733998
6281524734127
6281524735859
6281524735859
6281524736265
6281524736265
6281524736265
6281524736525
6281524736525
6281524736624
6281524736624
6281524736624
6281524736813
6281524737554
6281524737554
6281524737554
6281524738453
6281524738534
6281524738601
6281524738601
6281524739409
6281524739409
6281524741665
6281524741984
6281524741984
6281524741984
6281524743788
6281524743788
6281524745436
6281524745436
6281524745436
6281524746007
6281524746007
6281524746409
6281524746409
6281524746409
6281524746674
6281524746695
6281524746900
6281524746905
6281524746905
6281524746905
6281524747078
6281524747078
6281524747078
6281524747482
6281524747482
6281524747538
6281524747753
6281524747753
6281524747753
6281524747953
6281524748171
6281524748171
6281524748171
6281524748421
6281524748915
6281524749302
6281524749302
6281524749433
6281524749670
6281524749731
6281524750411
6281524750411
6281524750682
6281524750951
6281524750951
6281524750968
6281524750968
6281524750968
6281524751248
6281524751248
6281524751353
6281524751485
6281524751821
6281524751821
6281524753020
6281524753020
6281524753220
6281524753220
6281524753642
6281524753642
6281524754841
6281524754841
6281524754841
6281524756252
6281524756252
6281524756978
6281524756978
6281524758515
6281524758515
6281524758515
6281524759372
6281524759493
6281524759971
6281524762498
6281524762536
6281524763019
6281524763019
6281524763019
6281524763488
6281524763488
6281524763488
6281524763588
6281524763588
6281524763987
6281524764281
6281524764281
6281524764281
6281524764535
6281524764535
6281524764540
6281524767588
6281524767588
6281524767588
6281524767818
6281524767818
6281524767818
6281524768523
6281524768523
6281524768968
6281524768968
6281524768968
6281524769310
6281524770308
6281524770729
6281524770729
6281524770729
6281524771068
6281524771086
6281524771086
6281524771086
6281524771116
6281524771520
6281524771520
6281524771520
6281524771542
6281524771542
6281524771542
6281524771547
6281524771637
6281524771647
6281524771923
6281524772162
6281524772162
6281524772162
6281524773454
6281524773454
6281524773454
6281524773693
6281524773738
6281524773738
6281524773738
6281524774070
6281524774070
6281524774070
6281524774096
6281524774762
6281524774950
6281524776722
6281524778002
6281524778002
6281524778002
6281524778413
6281524778773
6281524778773
6281524778864
6281524778972
6281524779954
6281524780266
6281524780266
6281524780372
6281524780372
6281524780983
6281524780983
6281524782151
6281524782328
6281524782328
6281524782741
6281524782941
6281524783040
6281524783040
6281524783150
6281524783294
6281524783486
6281524783814
6281524783814
6281524784231
6281524784231
6281524784496
6281524784511
6281524784511
6281524784654
6281524784654
6281524784654
6281524784771
6281524784771
6281524784771
6281524785283
6281524785493
6281524785493
6281524785493
6281524785715
6281524785715
6281524786023
6281524786085
6281524786582
6281524787300
6281524787300
6281524787407
6281524787407
6281524787407
6281524787439
6281524787439
6281524787657
6281524787657
6281524787657
6281524787683
6281524787683
6281524787683
6281524787706
6281524787716
6281524787716
6281524787749
6281524789851
6281524790271
6281524791792
6281524792308
6281524792354
6281524792967
6281524792967
6281524793440
6281524793440
6281524793944
6281524793944
6281524793944
6281524794171
6281524794171
6281524794296
6281524794296
6281524794539
6281524794539
6281524794539
6281524794590
6281524794590
6281524794706
6281524794706
6281524794735
6281524794735
6281524794735
6281524794976
6281524794976
6281524794976
6281524795082
6281524795082
6281524796816
6281524796816
6281524798395
6281524798395
6281524800048
6281524800265
6281524801032
6281524801032
6281524802181
6281524802181
6281524802319
6281524802457
6281524802808
6281524802952
6281524803200
6281524803200
6281524805001
6281524806401
6281524806687
6281524806687
6281524806687
6281524807057
6281524807139
6281524807139
6281524807139
6281524807152
6281524808003
6281524808003
6281524808003
6281524808048
6281524808048
6281524809174
6281524809346
6281524809589
6281524809589
6281524810183
6281524810183
6281524810310
6281524810310
6281524810310
6281524811067
6281524811083
6281524811784
6281524811784
6281524813313
6281524813313
6281524813313
6281524813320
6281524813320
6281524813320
6281524813583
6281524813874
6281524814350
6281524814350
6281524814350
6281524814884
6281524814884
6281524814884
6281524815161
6281524815205
6281524815205
6281524815205
6281524816399
6281524816399
6281524816399
6281524818127
6281524818348
6281524818348
6281524818348
6281524819464
6281524819464
6281524819507
6281524819507
6281524819826
6281524819826
6281524819962
6281524819962
6281524819962
6281524821908
6281524822094
6281524822094
6281524822094
6281524822219
6281524822477
6281524822580
6281524822656
6281524822656
6281524822656
6281524822659
6281524822659
6281524828100
6281524828100
6281524828311
6281524828311
6281524828311
6281524828369
6281524828369
6281524828459
6281524828459
6281524828459
6281524828474
6281524828564
6281524828564
6281524828564
6281524828584
6281524828584
6281524828584
6281524828631
6281524828631
6281524828631
6281524828680
6281524828680
6281524828680
6281524828853
6281524828853
6281524828853
6281524828900
6281524829174
6281524829466
6281524829466
6281524829542
6281524829542
6281524829542
6281524831649
6281524831649
6281524831697
6281524831697
6281524831697
6281524831997
6281524833306
6281524833513
6281524833513
6281524834804
6281524834804
6281524834804
6281524834847
6281524835026
6281524835026
6281524835026
6281524835170
6281524835187
6281524835187
6281524835187
6281524835228
6281524835228
6281524835228
6281524836450
6281524836568
6281524836568
6281524836792
6281524836850
6281524836850
6281524836860
6281524837140
6281524837140
6281524837140
6281524837154
6281524837154
6281524837190
6281524837190
6281524837290
6281524837382
6281524837382
6281524837382
6281524837560
6281524837560
6281524837665
6281524837665
6281524837665
6281524837898
6281524838119
6281524838119
6281524838119
6281524838192
6281524838192
6281524838329
6281524838329
6281524838329
6281524838562
6281524838562
6281524838594
6281524838767
6281524838767
6281524838767
6281524838837
6281524838876
6281524838876
6281524838876
6281524839041
6281524839056
6281524839056
6281524839056
6281524839276
6281524839276
6281524840143
6281524840143
6281524840143
6281524840384
6281524840384
6281524840944
6281524840944
6281524841029
6281524841779
6281524841779
6281524841779
6281524844408
6281524844408
6281524844708
6281524844904
6281524844904
6281524844904
6281524846357
6281524846357
6281524846606
6281524847094
6281524847094
6281524847658
6281524847658
6281524847658
6281524847914
6281524847914
6281524847914
6281524848194
6281524848313
6281524848313
6281524848313
6281524848887
6281524849174
6281524849174
6281524849174
6281524849196
6281524849196
6281524849329
6281524849329
6281524849332
6281524849332
6281524849332
6281524849366
6281524849366
6281524849366
6281524849443
6281524849443
6281524849518
6281524849518
6281524853467
6281524853467
6281524853467
6281524853852
6281524853852
6281524854382
6281524854382
6281524854382
6281524855766
6281524855790
6281524856452
6281524856452
6281524856941
6281524856941
6281524859774
6281524862225
6281524862225
6281524862225
6281524862367
6281524862367
6281524862367
6281524864068
6281524865717
6281524865717
6281524865723
6281524865827
6281524865827
6281524867282
6281524867282
6281524868093
6281524868093
6281524868451
6281524868916
6281524868916
6281524870152
6281524870152
6281524871041
6281524871041
6281524871175
6281524871208
6281524871208
6281524872253
6281524873750
6281524874079
6281524874932
6281524874955
6281524875160
6281524875160
6281524875400
6281524875400
6281524875906
6281524875906
6281524876487
6281524876821
6281524877279
6281524877279
6281524877279
6281524877453
6281524877453
6281524877453
6281524877529
6281524877529
6281524878220
6281524878220
6281524878220
6281524878981
6281524878981
6281524878981
6281524879740
6281524879740
6281524879740
6281524880152
6281524880152
6281524880152
6281524880181
6281524880181
6281524880276
6281524880276
6281524880278
6281524880278
6281524880278
6281524880380
6281524880380
6281524880380
6281524880464
6281524880559
6281524880771
6281524880771
6281524880771
6281524881070
6281524881070
6281524881162
6281524881208
6281524881208
6281524881208
6281524881549
6281524881639
6281524881639
6281524881944
6281524881944
6281524882004
6281524882350
6281524882371
6281524882371
6281524882443
6281524882443
6281524882778
6281524882778
6281524882778
6281524882953
6281524882953
6281524883087
6281524883484
6281524883484
6281524883511
6281524883511
6281524883669
6281524883768
6281524883768
6281524883826
6281524883826
6281524883826
6281524883868
6281524883868
6281524883940
6281524883940
6281524883940
6281524885557
6281524886263
6281524886263
6281524886569
6281524886625
6281524886697
6281524886697
6281524886697
6281524886873
6281524886873
6281524886897
6281524886990
6281524886990
6281524886990
6281524887003
6281524887028
6281524887028
6281524887028
6281524887216
6281524887495
6281524889391
6281524892377
6281524893315
6281524893351
6281524893351
6281524893351
6281524894474
6281524894474
6281524894679
6281524894679
6281524894679
6281524896074
6281524896074
6281524896361
6281524896361
6281524896361
6281524898091
6281524900401
6281524900401
6281524900604
6281524900677
6281524900677
6281524900849
6281524900849
6281524900984
6281524900984
6281524900984
6281524901149
6281524901149
6281524901149
6281524901282
6281524901282
6281524901282
6281524901302
6281524901302
6281524901302
6281524902721
6281524902721
6281524902721
6281524903055
6281524903055
6281524903055
6281524904597
6281524904597
6281524904597
6281524905873
6281524905873
6281524905873
6281524905879
6281524905879
6281524905879
6281524911016
6281524911658
6281524911658
6281524911664
6281524911664
6281524911664
6281524911710
6281524912088
6281524912088
6281524912353
6281524912353
6281524912419
6281524912419
6281524912419
6281524912440
6281524912440
6281524912522
6281524912522
6281524912522
6281524912768
6281524912768
6281524912811
6281524913006
6281524913006
6281524913006
6281524913333
6281524913333
6281524913900
6281524914103
6281524914231
6281524914231
6281524914353
6281524914835
6281524915562
6281524915562
6281524916441
6281524916441
6281524916441
6281524916473
6281524916473
6281524916473
6281524916544
6281524916544
6281524916809
6281524916809
6281524916852
6281524916852
6281524917241
6281524917256
6281524917256
6281524917256
6281524917781
6281524917781
6281524917781
6281524918757
6281524919071
6281524919071
6281524919827
6281524919827
6281524920277
6281524920277
6281524920408
6281524920408
6281524920484
6281524920484
6281524920597
6281524920604
6281524920697
6281524920697
6281524920779
6281524920779
6281524921319
6281524921436
6281524921436
6281524921805
6281524921805
6281524921816
6281524921816
6281524921816
6281524922102
6281524922378
6281524922378
6281524922378
6281524922853
6281524922853
6281524922853
6281524923297
6281524923850
6281524923850
6281524923850
6281524925402
6281524925576
6281524925576
6281524926391
6281524926391
6281524926396
6281524926432
6281524926432
6281524926483
6281524926483
6281524926835
6281524926835
6281524926835
6281524927579
6281524928214
6281524928244
6281524928244
6281524928403
6281524928403
6281524928403
6281524928615
6281524928615
6281524928615
6281524929357
6281524929677
6281524929731
6281524929731
6281524930496
6281524930877
6281524930877
6281524930877
6281524930911
6281524930911
6281524930911
6281524931536
6281524931536
6281524931654
6281524931654
6281524931654
6281524932165
6281524932577
6281524932577
6281524932577
6281524932796
6281524932796
6281524933230
6281524933230
6281524933288
6281524933288
6281524933488
6281524933488
6281524933488
6281524934208
6281524934208
6281524934208
6281524935143
6281524935143
6281524935466
6281524935466
6281524935466
6281524936401
6281524936591
6281524936591
6281524936591
6281524937382
6281524937382
6281524937382
6281524937610
6281524937610
6281524937610
6281524938060
6281524938060
6281524938477
6281524939141
6281524939141
6281524939141
6281524939276
6281524939276
6281524940620
6281524940620
6281524941034
6281524941034
6281524941169
6281524941169
6281524941169
6281524941266
6281524941720
6281524941851
6281524941851
6281524943017
6281524943017
6281524943017
6281524943586
6281524943586
6281524943593
6281524945153
6281524945153
6281524945163
6281524945428
6281524945648
6281524945648
6281524945742
6281524945742
6281524945742
6281524945760
6281524945760
6281524945760
6281524945947
6281524946240
6281524946240
6281524946798
6281524947107
6281524947107
6281524947412
6281524947412
6281524947412
6281524949262
6281524949262
6281524949508
6281524949508
6281524949508
6281524949558
6281524949602
6281524950448
6281524950448
6281524950448
6281524951910
6281524951986
6281524952984
6281524953031
6281524953031
6281524953064
6281524953064
6281524953474
6281524954179
6281524954179
6281524954179
6281524954235
6281524956669
6281524956669
6281524956921
6281524956921
6281524957436
6281524957436
6281524959167
6281524959305
6281524959305
6281524961279
6281524961279
6281524961507
6281524962492
6281524963101
6281524963101
6281524963550
6281524964138
6281524964138
6281524964138
6281524964689
6281524964689
6281524964689
6281524964996
6281524965920
6281524965920
6281524966221
6281524966826
6281524966826
6281524966826
6281524966839
6281524966839
6281524966839
6281524966980
6281524967282
6281524968283
6281524968283
6281524968283
6281524968608
6281524968608
6281524969629
6281524969629
6281524970857
6281524970857
6281524970857
6281524971243
6281524972254
6281524972254
6281524972650
6281524972650
6281524972690
6281524974126
6281524974913
6281524974913
6281524976636
6281524977532
6281524978689
6281524978689
6281524978689
6281524986803
6281524987701
6281524987701
6281524988309
6281524989695
6281524989695
6281524989695
6281524989748
6281524989772
6281524989772
6281524990029
6281524990029
6281524990979
6281524990979
6281524990979
6281524991544
6281524991544
6281524992147
6281524992147